type	gameid	time	roundNum	sTarget	sOIndex0	sOIndex1	lTarget	lOIndex0	lOIndex1	diffs	skewProb	colorDiffMin	colorDiffMax	condition	sObj0_Shp0_ClrH	sObj0_Shp0_ClrS	sObj0_Shp0_ClrL	sObj0_Shp1_ClrH	sObj0_Shp1_ClrS	sObj0_Shp1_ClrL	sObj0_Shp2_ClrH	sObj0_Shp2_ClrS	sObj0_Shp2_ClrL	sObj0_Shp3_ClrH	sObj0_Shp3_ClrS	sObj0_Shp3_ClrL	sObj0_Shp4_ClrH	sObj0_Shp4_ClrS	sObj0_Shp4_ClrL	sObj0_Shp5_ClrH	sObj0_Shp5_ClrS	sObj0_Shp5_ClrL	sObj0_Shp6_ClrH	sObj0_Shp6_ClrS	sObj0_Shp6_ClrL	sObj0_Shp7_ClrH	sObj0_Shp7_ClrS	sObj0_Shp7_ClrL	sObj0_Shp8_ClrH	sObj0_Shp8_ClrS	sObj0_Shp8_ClrL	sObj1_Shp0_ClrH	sObj1_Shp0_ClrS	sObj1_Shp0_ClrL	sObj1_Shp1_ClrH	sObj1_Shp1_ClrS	sObj1_Shp1_ClrL	sObj1_Shp2_ClrH	sObj1_Shp2_ClrS	sObj1_Shp2_ClrL	sObj1_Shp3_ClrH	sObj1_Shp3_ClrS	sObj1_Shp3_ClrL	sObj1_Shp4_ClrH	sObj1_Shp4_ClrS	sObj1_Shp4_ClrL	sObj1_Shp5_ClrH	sObj1_Shp5_ClrS	sObj1_Shp5_ClrL	sObj1_Shp6_ClrH	sObj1_Shp6_ClrS	sObj1_Shp6_ClrL	sObj1_Shp7_ClrH	sObj1_Shp7_ClrS	sObj1_Shp7_ClrL	sObj1_Shp8_ClrH	sObj1_Shp8_ClrS	sObj1_Shp8_ClrL	lObj0_Shp0_ClrH	lObj0_Shp0_ClrS	lObj0_Shp0_ClrL	lObj0_Shp1_ClrH	lObj0_Shp1_ClrS	lObj0_Shp1_ClrL	lObj0_Shp2_ClrH	lObj0_Shp2_ClrS	lObj0_Shp2_ClrL	lObj0_Shp3_ClrH	lObj0_Shp3_ClrS	lObj0_Shp3_ClrL	lObj0_Shp4_ClrH	lObj0_Shp4_ClrS	lObj0_Shp4_ClrL	lObj0_Shp5_ClrH	lObj0_Shp5_ClrS	lObj0_Shp5_ClrL	lObj0_Shp6_ClrH	lObj0_Shp6_ClrS	lObj0_Shp6_ClrL	lObj0_Shp7_ClrH	lObj0_Shp7_ClrS	lObj0_Shp7_ClrL	lObj0_Shp8_ClrH	lObj0_Shp8_ClrS	lObj0_Shp8_ClrL	lObj1_Shp0_ClrH	lObj1_Shp0_ClrS	lObj1_Shp0_ClrL	lObj1_Shp1_ClrH	lObj1_Shp1_ClrS	lObj1_Shp1_ClrL	lObj1_Shp2_ClrH	lObj1_Shp2_ClrS	lObj1_Shp2_ClrL	lObj1_Shp3_ClrH	lObj1_Shp3_ClrS	lObj1_Shp3_ClrL	lObj1_Shp4_ClrH	lObj1_Shp4_ClrS	lObj1_Shp4_ClrL	lObj1_Shp5_ClrH	lObj1_Shp5_ClrS	lObj1_Shp5_ClrL	lObj1_Shp6_ClrH	lObj1_Shp6_ClrS	lObj1_Shp6_ClrL	lObj1_Shp7_ClrH	lObj1_Shp7_ClrS	lObj1_Shp7_ClrL	lObj1_Shp8_ClrH	lObj1_Shp8_ClrS	lObj1_Shp8_ClrL
StateGrid	674	1520719241521	0	1	1	0	0	0	1	9	0.85	0	100	SKEWED	137	10	50	105	16	50	83	2	50	9	89	50	110	27	50	88	2	50	275	3	50	156	27	50	83	9	50	113	43	50	123	66	50	107	42	50	102	80	50	131	97	50	80	57	50	182	23	50	126	83	50	133	91	50	113	43	50	123	66	50	107	42	50	102	80	50	131	97	50	80	57	50	182	23	50	126	83	50	133	91	50	137	10	50	105	16	50	83	2	50	9	89	50	110	27	50	88	2	50	275	3	50	156	27	50	83	9	50
StateGrid	674	1520719241521	1	0	1	0	1	0	1	9	0.6	0	100	SKEWED	98	18	50	350	70	50	108	54	50	311	31	50	13	50	50	98	4	50	337	23	50	80	19	50	106	10	50	87	71	50	125	50	50	125	1	50	82	53	50	103	26	50	103	41	50	108	26	50	162	87	50	83	71	50	87	71	50	125	50	50	125	1	50	82	53	50	103	26	50	103	41	50	108	26	50	162	87	50	83	71	50	98	18	50	350	70	50	108	54	50	311	31	50	13	50	50	98	4	50	337	23	50	80	19	50	106	10	50
StateGrid	674	1520719241522	2	0	0	1	1	1	0	9	0.675	0	100	SKEWED	81	53	50	98	49	50	108	12	50	277	32	50	292	86	50	128	22	50	95	91	50	139	1	50	128	62	50	95	3	50	268	47	50	105	85	50	138	26	50	132	51	50	80	63	50	281	27	50	80	26	50	115	5	50	95	3	50	268	47	50	105	85	50	138	26	50	132	51	50	80	63	50	281	27	50	80	26	50	115	5	50	81	53	50	98	49	50	108	12	50	277	32	50	292	86	50	128	22	50	95	91	50	139	1	50	128	62	50
StateGrid	674	1520719241522	3	0	0	1	1	1	0	9	0.65	0	100	SKEWED	99	89	50	110	69	50	87	23	50	147	29	50	128	40	50	86	36	50	116	10	50	94	13	50	84	60	50	88	2	50	267	17	50	104	93	50	86	62	50	292	28	50	45	67	50	13	8	50	148	98	50	94	9	50	88	2	50	267	17	50	104	93	50	86	62	50	292	28	50	45	67	50	13	8	50	148	98	50	94	9	50	99	89	50	110	69	50	87	23	50	147	29	50	128	40	50	86	36	50	116	10	50	94	13	50	84	60	50
StateGrid	674	1520719241522	4	1	0	1	1	0	1	9	0.925	0	100	SKEWED	102	6	50	113	65	50	125	40	50	92	70	50	100	19	50	122	27	50	99	0	50	80	66	50	99	31	50	92	84	50	285	55	50	242	85	50	81	7	50	126	98	50	81	76	50	132	90	50	118	23	50	101	95	50	102	6	50	113	65	50	125	40	50	92	70	50	100	19	50	122	27	50	99	0	50	80	66	50	99	31	50	92	84	50	285	55	50	242	85	50	81	7	50	126	98	50	81	76	50	132	90	50	118	23	50	101	95	50
StateGrid	674	1520719241522	5	1	0	1	1	0	1	9	0.975	0	100	SKEWED	110	19	50	133	69	50	124	26	50	88	58	50	87	0	50	105	33	50	88	2	50	123	22	50	117	14	50	91	66	50	98	14	50	122	78	50	128	6	50	118	46	50	116	4	50	130	50	50	134	92	50	87	90	50	110	19	50	133	69	50	124	26	50	88	58	50	87	0	50	105	33	50	88	2	50	123	22	50	117	14	50	91	66	50	98	14	50	122	78	50	128	6	50	118	46	50	116	4	50	130	50	50	134	92	50	87	90	50
StateGrid	674	1520719241524	6	0	1	0	0	1	0	9	0.75	0	100	SKEWED	137	0	50	305	69	50	101	15	50	288	4	50	109	18	50	109	4	50	91	54	50	185	52	50	265	88	50	118	31	50	121	49	50	181	55	50	104	66	50	133	72	50	81	37	50	41	45	50	91	38	50	102	40	50	137	0	50	305	69	50	101	15	50	288	4	50	109	18	50	109	4	50	91	54	50	185	52	50	265	88	50	118	31	50	121	49	50	181	55	50	104	66	50	133	72	50	81	37	50	41	45	50	91	38	50	102	40	50
StateGrid	674	1520719241524	7	0	1	0	0	1	0	9	0.8	0	100	SKEWED	90	3	50	108	31	50	219	85	50	212	53	50	40	11	50	130	66	50	99	77	50	128	31	50	126	25	50	96	39	50	219	63	50	127	49	50	100	98	50	124	40	50	218	22	50	117	15	50	104	84	50	81	67	50	90	3	50	108	31	50	219	85	50	212	53	50	40	11	50	130	66	50	99	77	50	128	31	50	126	25	50	96	39	50	219	63	50	127	49	50	100	98	50	124	40	50	218	22	50	117	15	50	104	84	50	81	67	50
StateGrid	674	1520719241524	8	0	1	0	1	0	1	9	0.825	0	100	SKEWED	86	94	50	106	93	50	8	61	50	228	81	50	127	5	50	120	2	50	230	44	50	134	4	50	138	22	50	83	29	50	228	22	50	96	8	50	133	32	50	124	75	50	137	31	50	133	50	50	95	77	50	130	85	50	83	29	50	228	22	50	96	8	50	133	32	50	124	75	50	137	31	50	133	50	50	95	77	50	130	85	50	86	94	50	106	93	50	8	61	50	228	81	50	127	5	50	120	2	50	230	44	50	134	4	50	138	22	50
StateGrid	674	1520719241524	9	1	0	1	1	0	1	9	0.775	0	100	SKEWED	117	26	50	88	33	50	85	37	50	89	54	50	114	38	50	138	39	50	132	24	50	106	52	50	223	94	50	268	51	50	322	76	50	193	74	50	113	5	50	309	11	50	81	81	50	110	79	50	248	71	50	138	86	50	117	26	50	88	33	50	85	37	50	89	54	50	114	38	50	138	39	50	132	24	50	106	52	50	223	94	50	268	51	50	322	76	50	193	74	50	113	5	50	309	11	50	81	81	50	110	79	50	248	71	50	138	86	50
StateGrid	674	1520719241524	10	1	1	0	0	0	1	9	0.95	0	100	SKEWED	186	34	50	87	1	50	94	60	50	101	4	50	92	2	50	98	32	50	113	66	50	104	9	50	95	0	50	123	92	50	93	76	50	133	6	50	93	48	50	107	43	50	130	4	50	135	3	50	115	80	50	107	22	50	123	92	50	93	76	50	133	6	50	93	48	50	107	43	50	130	4	50	135	3	50	115	80	50	107	22	50	186	34	50	87	1	50	94	60	50	101	4	50	92	2	50	98	32	50	113	66	50	104	9	50	95	0	50
StateGrid	674	1520719241524	11	1	0	1	0	1	0	9	0.525	0	100	SKEWED	117	77	50	133	95	50	111	43	50	7	59	50	314	3	50	93	60	50	130	0	50	289	24	50	4	42	50	40	91	50	313	0	50	31	18	50	109	73	50	139	28	50	37	87	50	131	50	50	77	79	50	101	63	50	40	91	50	313	0	50	31	18	50	109	73	50	139	28	50	37	87	50	131	50	50	77	79	50	101	63	50	117	77	50	133	95	50	111	43	50	7	59	50	314	3	50	93	60	50	130	0	50	289	24	50	4	42	50
StateGrid	674	1520719241524	12	1	1	0	1	1	0	9	0.9	0	100	SKEWED	40	84	50	116	74	50	123	61	50	94	4	50	119	64	50	125	57	50	173	47	50	335	47	50	96	2	50	116	55	50	88	16	50	96	11	50	86	38	50	121	16	50	137	13	50	106	79	50	82	21	50	81	27	50	40	84	50	116	74	50	123	61	50	94	4	50	119	64	50	125	57	50	173	47	50	335	47	50	96	2	50	116	55	50	88	16	50	96	11	50	86	38	50	121	16	50	137	13	50	106	79	50	82	21	50	81	27	50
StateGrid	674	1520719241524	13	0	1	0	0	1	0	9	0.875	0	100	SKEWED	123	50	50	343	99	50	115	21	50	126	6	50	92	10	50	135	76	50	131	19	50	139	52	50	123	91	50	129	1	50	90	58	50	95	88	50	127	71	50	104	78	50	198	72	50	85	88	50	136	8	50	295	83	50	123	50	50	343	99	50	115	21	50	126	6	50	92	10	50	135	76	50	131	19	50	139	52	50	123	91	50	129	1	50	90	58	50	95	88	50	127	71	50	104	78	50	198	72	50	85	88	50	136	8	50	295	83	50
StateGrid	674	1520719241524	14	0	1	0	0	1	0	9	0.575	0	100	SKEWED	138	33	50	294	14	50	117	65	50	99	21	50	263	3	50	16	12	50	133	0	50	95	9	50	96	44	50	126	90	50	87	22	50	331	35	50	200	38	50	152	51	50	104	78	50	324	44	50	113	60	50	347	41	50	138	33	50	294	14	50	117	65	50	99	21	50	263	3	50	16	12	50	133	0	50	95	9	50	96	44	50	126	90	50	87	22	50	331	35	50	200	38	50	152	51	50	104	78	50	324	44	50	113	60	50	347	41	50
StateGrid	674	1520719241524	15	1	1	0	0	0	1	9	0.5	0	100	SKEWED	108	0	50	63	22	50	325	49	50	83	21	50	176	9	50	75	55	50	5	4	50	265	83	50	143	16	50	94	90	50	117	88	50	45	1	50	117	98	50	89	33	50	223	65	50	91	71	50	106	46	50	133	59	50	94	90	50	117	88	50	45	1	50	117	98	50	89	33	50	223	65	50	91	71	50	106	46	50	133	59	50	108	0	50	63	22	50	325	49	50	83	21	50	176	9	50	75	55	50	5	4	50	265	83	50	143	16	50
StateGrid	674	1520719241524	16	1	1	0	0	0	1	9	0.725	0	100	SKEWED	268	50	50	110	22	50	281	44	50	112	25	50	108	12	50	359	27	50	350	72	50	27	93	50	104	15	50	103	44	50	132	86	50	115	38	50	102	79	50	123	86	50	84	19	50	96	50	50	113	59	50	116	68	50	103	44	50	132	86	50	115	38	50	102	79	50	123	86	50	84	19	50	96	50	50	113	59	50	116	68	50	268	50	50	110	22	50	281	44	50	112	25	50	108	12	50	359	27	50	350	72	50	27	93	50	104	15	50
StateGrid	674	1520719241524	17	1	0	1	1	0	1	9	0.55	0	100	SKEWED	110	39	50	116	70	50	302	27	50	331	12	50	85	36	50	322	91	50	65	99	50	57	32	50	61	79	50	352	7	50	231	62	50	138	50	50	136	16	50	280	61	50	66	19	50	221	84	50	104	67	50	14	60	50	110	39	50	116	70	50	302	27	50	331	12	50	85	36	50	322	91	50	65	99	50	57	32	50	61	79	50	352	7	50	231	62	50	138	50	50	136	16	50	280	61	50	66	19	50	221	84	50	104	67	50	14	60	50
StateGrid	674	1520719241524	18	1	0	1	0	1	0	9	0.625	0	100	SKEWED	11	49	50	296	70	50	90	37	50	328	72	50	55	72	50	0	10	50	222	96	50	182	15	50	98	39	50	205	2	50	93	48	50	42	35	50	95	90	50	92	2	50	87	33	50	137	2	50	344	39	50	238	26	50	205	2	50	93	48	50	42	35	50	95	90	50	92	2	50	87	33	50	137	2	50	344	39	50	238	26	50	11	49	50	296	70	50	90	37	50	328	72	50	55	72	50	0	10	50	222	96	50	182	15	50	98	39	50
StateGrid	674	1520719241524	19	1	0	1	0	1	0	9	0.7	0	100	SKEWED	84	37	50	105	69	50	112	91	50	80	17	50	118	52	50	106	33	50	128	50	50	121	73	50	112	89	50	320	57	50	285	86	50	323	96	50	105	58	50	247	4	50	21	14	50	270	56	50	129	15	50	312	40	50	320	57	50	285	86	50	323	96	50	105	58	50	247	4	50	21	14	50	270	56	50	129	15	50	312	40	50	84	37	50	105	69	50	112	91	50	80	17	50	118	52	50	106	33	50	128	50	50	121	73	50	112	89	50
