type	gameid	time	roundNum	sTarget	sOIndex0	sOIndex1	lTarget	lOIndex0	lOIndex1	diffs	sObj0_Shp0_ClrH	sObj0_Shp0_ClrS	sObj0_Shp0_ClrL	sObj0_Shp1_ClrH	sObj0_Shp1_ClrS	sObj0_Shp1_ClrL	sObj0_Shp2_ClrH	sObj0_Shp2_ClrS	sObj0_Shp2_ClrL	sObj0_Shp3_ClrH	sObj0_Shp3_ClrS	sObj0_Shp3_ClrL	sObj0_Shp4_ClrH	sObj0_Shp4_ClrS	sObj0_Shp4_ClrL	sObj0_Shp5_ClrH	sObj0_Shp5_ClrS	sObj0_Shp5_ClrL	sObj0_Shp6_ClrH	sObj0_Shp6_ClrS	sObj0_Shp6_ClrL	sObj0_Shp7_ClrH	sObj0_Shp7_ClrS	sObj0_Shp7_ClrL	sObj0_Shp8_ClrH	sObj0_Shp8_ClrS	sObj0_Shp8_ClrL	sObj1_Shp0_ClrH	sObj1_Shp0_ClrS	sObj1_Shp0_ClrL	sObj1_Shp1_ClrH	sObj1_Shp1_ClrS	sObj1_Shp1_ClrL	sObj1_Shp2_ClrH	sObj1_Shp2_ClrS	sObj1_Shp2_ClrL	sObj1_Shp3_ClrH	sObj1_Shp3_ClrS	sObj1_Shp3_ClrL	sObj1_Shp4_ClrH	sObj1_Shp4_ClrS	sObj1_Shp4_ClrL	sObj1_Shp5_ClrH	sObj1_Shp5_ClrS	sObj1_Shp5_ClrL	sObj1_Shp6_ClrH	sObj1_Shp6_ClrS	sObj1_Shp6_ClrL	sObj1_Shp7_ClrH	sObj1_Shp7_ClrS	sObj1_Shp7_ClrL	sObj1_Shp8_ClrH	sObj1_Shp8_ClrS	sObj1_Shp8_ClrL	lObj0_Shp0_ClrH	lObj0_Shp0_ClrS	lObj0_Shp0_ClrL	lObj0_Shp1_ClrH	lObj0_Shp1_ClrS	lObj0_Shp1_ClrL	lObj0_Shp2_ClrH	lObj0_Shp2_ClrS	lObj0_Shp2_ClrL	lObj0_Shp3_ClrH	lObj0_Shp3_ClrS	lObj0_Shp3_ClrL	lObj0_Shp4_ClrH	lObj0_Shp4_ClrS	lObj0_Shp4_ClrL	lObj0_Shp5_ClrH	lObj0_Shp5_ClrS	lObj0_Shp5_ClrL	lObj0_Shp6_ClrH	lObj0_Shp6_ClrS	lObj0_Shp6_ClrL	lObj0_Shp7_ClrH	lObj0_Shp7_ClrS	lObj0_Shp7_ClrL	lObj0_Shp8_ClrH	lObj0_Shp8_ClrS	lObj0_Shp8_ClrL	lObj1_Shp0_ClrH	lObj1_Shp0_ClrS	lObj1_Shp0_ClrL	lObj1_Shp1_ClrH	lObj1_Shp1_ClrS	lObj1_Shp1_ClrL	lObj1_Shp2_ClrH	lObj1_Shp2_ClrS	lObj1_Shp2_ClrL	lObj1_Shp3_ClrH	lObj1_Shp3_ClrS	lObj1_Shp3_ClrL	lObj1_Shp4_ClrH	lObj1_Shp4_ClrS	lObj1_Shp4_ClrL	lObj1_Shp5_ClrH	lObj1_Shp5_ClrS	lObj1_Shp5_ClrL	lObj1_Shp6_ClrH	lObj1_Shp6_ClrS	lObj1_Shp6_ClrL	lObj1_Shp7_ClrH	lObj1_Shp7_ClrS	lObj1_Shp7_ClrL	lObj1_Shp8_ClrH	lObj1_Shp8_ClrS	lObj1_Shp8_ClrL
StateGrid	304	1517079967604	0	0	1	0	0	1	0	5	233	58	50	320	10	50	33	97	50	115	6	50	0	23	50	311	60	50	64	29	50	204	90	50	316	89	50	40	23	50	320	10	50	33	97	50	51	75	50	262	55	50	311	60	50	181	11	50	345	43	50	316	89	50	233	58	50	320	10	50	33	97	50	115	6	50	0	23	50	311	60	50	64	29	50	204	90	50	316	89	50	40	23	50	320	10	50	33	97	50	51	75	50	262	55	50	311	60	50	181	11	50	345	43	50	316	89	50
StateGrid	304	1517079967605	1	0	1	0	1	0	1	1	187	44	50	24	69	50	166	69	50	87	59	50	275	46	50	174	12	50	261	50	50	65	76	50	34	92	50	187	44	50	24	69	50	166	69	50	87	59	50	275	46	50	174	12	50	163	27	50	65	76	50	34	92	50	187	44	50	24	69	50	166	69	50	87	59	50	275	46	50	174	12	50	163	27	50	65	76	50	34	92	50	187	44	50	24	69	50	166	69	50	87	59	50	275	46	50	174	12	50	261	50	50	65	76	50	34	92	50
StateGrid	304	1517079967605	2	0	0	1	0	0	1	6	319	24	50	201	45	50	185	55	50	67	54	50	131	93	50	25	20	50	222	7	50	16	69	50	264	70	50	233	1	50	264	23	50	266	11	50	67	54	50	121	91	50	145	46	50	187	58	50	16	69	50	264	70	50	319	24	50	201	45	50	185	55	50	67	54	50	131	93	50	25	20	50	222	7	50	16	69	50	264	70	50	233	1	50	264	23	50	266	11	50	67	54	50	121	91	50	145	46	50	187	58	50	16	69	50	264	70	50
StateGrid	304	1517079967605	3	0	1	0	1	0	1	1	12	18	50	163	74	50	207	25	50	137	67	50	214	66	50	192	52	50	333	99	50	142	77	50	114	41	50	12	18	50	266	29	50	207	25	50	137	67	50	214	66	50	192	52	50	333	99	50	142	77	50	114	41	50	12	18	50	266	29	50	207	25	50	137	67	50	214	66	50	192	52	50	333	99	50	142	77	50	114	41	50	12	18	50	163	74	50	207	25	50	137	67	50	214	66	50	192	52	50	333	99	50	142	77	50	114	41	50
StateGrid	304	1517079967605	4	1	1	0	0	0	1	9	92	22	50	352	9	50	277	36	50	310	45	50	72	6	50	102	65	50	131	77	50	146	36	50	186	76	50	242	5	50	276	37	50	36	77	50	155	13	50	39	77	50	349	48	50	348	39	50	327	60	50	59	93	50	242	5	50	276	37	50	36	77	50	155	13	50	39	77	50	349	48	50	348	39	50	327	60	50	59	93	50	92	22	50	352	9	50	277	36	50	310	45	50	72	6	50	102	65	50	131	77	50	146	36	50	186	76	50
StateGrid	304	1517079967606	5	1	1	0	0	0	1	5	313	3	50	4	2	50	192	38	50	98	93	50	189	87	50	225	16	50	172	20	50	23	97	50	85	57	50	313	3	50	4	2	50	124	0	50	124	29	50	84	83	50	225	16	50	310	37	50	21	26	50	85	57	50	313	3	50	4	2	50	124	0	50	124	29	50	84	83	50	225	16	50	310	37	50	21	26	50	85	57	50	313	3	50	4	2	50	192	38	50	98	93	50	189	87	50	225	16	50	172	20	50	23	97	50	85	57	50
StateGrid	304	1517079967606	6	0	0	1	1	1	0	2	233	45	50	69	12	50	35	93	50	335	14	50	330	16	50	2	76	50	112	15	50	189	22	50	186	31	50	233	45	50	69	12	50	35	93	50	335	14	50	330	16	50	346	91	50	112	15	50	171	32	50	186	31	50	233	45	50	69	12	50	35	93	50	335	14	50	330	16	50	346	91	50	112	15	50	171	32	50	186	31	50	233	45	50	69	12	50	35	93	50	335	14	50	330	16	50	2	76	50	112	15	50	189	22	50	186	31	50
StateGrid	304	1517079967606	7	0	0	1	0	0	1	8	2	27	50	226	76	50	294	22	50	211	97	50	58	66	50	216	51	50	195	90	50	231	63	50	73	92	50	309	88	50	323	71	50	333	78	50	236	11	50	127	31	50	292	3	50	195	90	50	33	80	50	203	48	50	2	27	50	226	76	50	294	22	50	211	97	50	58	66	50	216	51	50	195	90	50	231	63	50	73	92	50	309	88	50	323	71	50	333	78	50	236	11	50	127	31	50	292	3	50	195	90	50	33	80	50	203	48	50
StateGrid	304	1517079967606	8	0	0	1	1	1	0	9	247	79	50	70	34	50	351	47	50	322	84	50	81	68	50	51	46	50	291	48	50	326	33	50	17	92	50	116	44	50	297	7	50	275	6	50	172	72	50	194	15	50	303	62	50	184	99	50	164	18	50	145	57	50	116	44	50	297	7	50	275	6	50	172	72	50	194	15	50	303	62	50	184	99	50	164	18	50	145	57	50	247	79	50	70	34	50	351	47	50	322	84	50	81	68	50	51	46	50	291	48	50	326	33	50	17	92	50
StateGrid	304	1517079967606	9	0	0	1	1	1	0	6	122	30	50	190	88	50	62	18	50	308	92	50	115	91	50	189	89	50	7	48	50	313	83	50	305	3	50	122	30	50	144	47	50	25	93	50	254	23	50	115	91	50	65	86	50	264	17	50	313	83	50	29	27	50	122	30	50	144	47	50	25	93	50	254	23	50	115	91	50	65	86	50	264	17	50	313	83	50	29	27	50	122	30	50	190	88	50	62	18	50	308	92	50	115	91	50	189	89	50	7	48	50	313	83	50	305	3	50
StateGrid	304	1517079967606	10	0	0	1	1	1	0	8	311	1	50	355	84	50	180	27	50	177	39	50	133	42	50	290	75	50	259	4	50	122	50	50	91	1	50	244	51	50	65	49	50	180	27	50	238	25	50	112	42	50	24	20	50	257	19	50	84	21	50	24	17	50	244	51	50	65	49	50	180	27	50	238	25	50	112	42	50	24	20	50	257	19	50	84	21	50	24	17	50	311	1	50	355	84	50	180	27	50	177	39	50	133	42	50	290	75	50	259	4	50	122	50	50	91	1	50
StateGrid	304	1517079967607	11	1	1	0	1	1	0	3	42	89	50	262	47	50	178	69	50	248	24	50	26	87	50	225	13	50	70	18	50	200	72	50	30	11	50	42	89	50	17	36	50	178	69	50	248	24	50	258	94	50	225	13	50	70	18	50	200	72	50	86	19	50	42	89	50	262	47	50	178	69	50	248	24	50	26	87	50	225	13	50	70	18	50	200	72	50	30	11	50	42	89	50	17	36	50	178	69	50	248	24	50	258	94	50	225	13	50	70	18	50	200	72	50	86	19	50
StateGrid	304	1517079967607	12	0	0	1	1	1	0	5	339	6	50	6	72	50	177	36	50	354	40	50	296	69	50	85	52	50	345	91	50	102	64	50	139	1	50	339	6	50	6	72	50	252	18	50	54	22	50	296	69	50	85	52	50	158	10	50	307	96	50	266	5	50	339	6	50	6	72	50	252	18	50	54	22	50	296	69	50	85	52	50	158	10	50	307	96	50	266	5	50	339	6	50	6	72	50	177	36	50	354	40	50	296	69	50	85	52	50	345	91	50	102	64	50	139	1	50
StateGrid	304	1517079967607	13	1	1	0	1	1	0	3	23	15	50	180	38	50	132	38	50	29	72	50	107	52	50	190	35	50	109	83	50	1	54	50	283	76	50	206	31	50	180	38	50	170	55	50	29	72	50	107	52	50	269	11	50	109	83	50	1	54	50	283	76	50	23	15	50	180	38	50	132	38	50	29	72	50	107	52	50	190	35	50	109	83	50	1	54	50	283	76	50	206	31	50	180	38	50	170	55	50	29	72	50	107	52	50	269	11	50	109	83	50	1	54	50	283	76	50
StateGrid	304	1517079967607	14	1	1	0	1	1	0	4	242	89	50	226	45	50	312	35	50	250	60	50	55	73	50	190	43	50	261	17	50	42	24	50	126	76	50	242	89	50	181	7	50	304	17	50	250	60	50	55	73	50	96	6	50	261	17	50	42	24	50	77	63	50	242	89	50	226	45	50	312	35	50	250	60	50	55	73	50	190	43	50	261	17	50	42	24	50	126	76	50	242	89	50	181	7	50	304	17	50	250	60	50	55	73	50	96	6	50	261	17	50	42	24	50	77	63	50
StateGrid	304	1517079967607	15	1	1	0	0	0	1	1	178	84	50	97	4	50	165	82	50	145	68	50	301	62	50	359	44	50	331	43	50	76	94	50	115	99	50	178	84	50	97	4	50	165	82	50	145	68	50	301	62	50	50	11	50	331	43	50	76	94	50	115	99	50	178	84	50	97	4	50	165	82	50	145	68	50	301	62	50	50	11	50	331	43	50	76	94	50	115	99	50	178	84	50	97	4	50	165	82	50	145	68	50	301	62	50	359	44	50	331	43	50	76	94	50	115	99	50
StateGrid	304	1517079967607	16	0	1	0	1	0	1	7	321	55	50	277	32	50	109	69	50	84	96	50	347	74	50	206	61	50	337	30	50	154	1	50	96	21	50	44	2	50	53	21	50	109	69	50	267	60	50	17	96	50	311	37	50	43	92	50	154	1	50	261	53	50	44	2	50	53	21	50	109	69	50	267	60	50	17	96	50	311	37	50	43	92	50	154	1	50	261	53	50	321	55	50	277	32	50	109	69	50	84	96	50	347	74	50	206	61	50	337	30	50	154	1	50	96	21	50
StateGrid	304	1517079967607	17	0	1	0	0	1	0	4	182	62	50	1	70	50	2	99	50	129	92	50	305	46	50	23	79	50	80	17	50	20	66	50	286	56	50	182	62	50	1	70	50	2	99	50	129	92	50	9	97	50	23	79	50	292	29	50	317	5	50	226	72	50	182	62	50	1	70	50	2	99	50	129	92	50	305	46	50	23	79	50	80	17	50	20	66	50	286	56	50	182	62	50	1	70	50	2	99	50	129	92	50	9	97	50	23	79	50	292	29	50	317	5	50	226	72	50
StateGrid	304	1517079967608	18	0	1	0	0	1	0	2	147	53	50	169	0	50	188	3	50	51	21	50	177	69	50	157	42	50	285	47	50	226	96	50	132	39	50	147	53	50	169	0	50	188	3	50	51	21	50	148	46	50	157	42	50	141	64	50	226	96	50	132	39	50	147	53	50	169	0	50	188	3	50	51	21	50	177	69	50	157	42	50	285	47	50	226	96	50	132	39	50	147	53	50	169	0	50	188	3	50	51	21	50	148	46	50	157	42	50	141	64	50	226	96	50	132	39	50
StateGrid	304	1517079967608	19	0	0	1	1	1	0	7	356	31	50	165	73	50	69	97	50	91	68	50	245	27	50	348	18	50	147	61	50	36	11	50	214	85	50	236	9	50	51	60	50	359	83	50	240	65	50	333	72	50	42	2	50	147	61	50	36	11	50	59	17	50	236	9	50	51	60	50	359	83	50	240	65	50	333	72	50	42	2	50	147	61	50	36	11	50	59	17	50	356	31	50	165	73	50	69	97	50	91	68	50	245	27	50	348	18	50	147	61	50	36	11	50	214	85	50
